Testes Data Hora CpuPercent QntCpus CpuTimesUser CpuTimesSystem CpuTimesIdle MemTotal MemAvaliable MemUsed DiskUsed DiskTotal DiskPercent BytesSend BytesRecv
1 23/03/28 02:24:18 33.33 4 5713280 1491800 42828130 3892952 1221552 2671400 0 0 NaN 90674519 322777777 
2 23/03/28 02:24:22 3.52 4 5714140 1492020 42841650 3892952 1220368 2672584 0 0 NaN 90674519 322777881 
3 23/03/28 02:24:25 1.51 4 5714730 1492220 42854750 3892952 1215584 2677368 0 0 NaN 90674589 322778045 
4 23/03/28 02:24:29 3.03 4 5714930 1492420 42868250 3892952 1226856 2666096 0 0 NaN 90674589 322778097 
5 23/03/28 02:24:32 0.5 4 5715100 1492610 42881800 3892952 1229304 2663648 0 0 NaN 90674846 322778404 
6 23/03/28 02:24:36 100 4 5717730 1492810 42892880 3892952 1224244 2668708 0 0 NaN 90674916 322778568 
7 23/03/28 02:24:39 100 4 5731600 1492950 42892880 3892952 1217944 2675008 0 0 NaN 90674916 322778672 
8 23/03/28 02:24:43 99.5 4 5745490 1493090 42892880 3892952 1217468 2675484 0 0 NaN 90674916 322778724 
9 23/03/28 02:24:46 100 4 5759380 1493190 42892880 3892952 1223796 2669156 0 0 NaN 90674916 322781462 
10 23/03/28 02:24:50 99.5 4 5773240 1493350 42892880 3892952 1210944 2682008 0 0 NaN 90674986 322781626 
11 23/03/28 02:24:53 100 4 5787140 1493460 42892880 3892952 1210188 2682764 0 0 NaN 90675360 322782201 
12 23/03/28 02:24:57 100 4 5801040 1493580 42892880 3892952 1217096 2675856 0 0 NaN 90675360 322782305 
13 23/03/28 02:25:00 100 4 5814940 1493700 42892880 3892952 1213064 2679888 0 0 NaN 90675430 322782417 
14 23/03/28 02:25:04 100 4 5828870 1493820 42892880 3892952 1210040 2682912 0 0 NaN 90675430 322782521 
15 23/03/28 02:25:07 100 4 5842710 1494000 42892880 3892952 1206260 2686692 0 0 NaN 90675430 322782625 
16 23/03/28 02:25:11 100 4 5856620 1494100 42892880 3892952 1209788 2683164 0 0 NaN 90675757 322782940 
17 23/03/28 02:25:14 100 4 5870460 1494280 42892880 3892952 1212000 2680952 0 0 NaN 90675757 322783044 
18 23/03/28 02:25:18 100 4 5884380 1494420 42892880 3892952 1215024 2677928 0 0 NaN 90675757 322785782 
19 23/03/28 02:25:21 100 4 5898240 1494560 42892880 3892952 1210740 2682212 0 0 NaN 90675827 322785946 
20 23/03/28 02:25:25 2.51 4 5903960 1494750 42900940 3892952 1225788 2667164 0 0 NaN 90675827 322786050 
21 23/03/28 02:25:28 3.03 4 5904060 1494870 42914560 3892952 1221252 2671700 0 0 NaN 90675827 322786102 
22 23/03/28 02:25:32 0 4 5904180 1494980 42928240 3892952 1225992 2666960 0 0 NaN 90676154 322786469 
23 23/03/28 02:25:35 6 4 5904540 1495220 42941590 3892952 1218216 2674736 0 0 NaN 90676154 322786615 
24 23/03/28 02:25:39 2.54 4 5904630 1495380 42955240 3892952 1219988 2672964 0 0 NaN 90676154 322786719 
25 23/03/28 02:25:42 0.5 4 5904750 1495550 42968930 3892952 1219736 2673216 0 0 NaN 90676224 322786831 
26 23/03/28 02:25:46 3.52 4 5904940 1495730 42982480 3892952 1218756 2674196 0 0 NaN 90676224 322789569 
27 23/03/28 02:25:49 5.03 4 5905070 1495920 42996150 3892952 1232648 2660304 0 0 NaN 90676387 322789673 
28 23/03/28 02:25:53 0 4 5905210 1496030 43009830 3892952 1228112 2664840 0 0 NaN 90676551 322789988 
29 23/03/28 02:25:56 3.03 4 5905370 1496200 43023390 3892952 1226380 2666572 0 0 NaN 90676551 322790092 
30 23/03/28 02:26:00 3.02 4 5905520 1496380 43036980 3892952 1225876 2667076 0 0 NaN 90676551 322790196 
31 23/03/28 02:26:03 0 4 5905660 1496520 43050640 3892952 1229084 2663868 0 0 NaN 90676551 322790300 
32 23/03/28 02:26:07 5.03 4 5905810 1496750 43064220 3892952 1227096 2665856 0 0 NaN 90676621 322790464 
33 23/03/28 02:26:10 1 4 5905950 1496900 43077890 3892952 1232012 2660940 0 0 NaN 90676878 322790719 
34 23/03/28 02:26:14 0.5 4 5906120 1497020 43091500 3892952 1226244 2666708 0 0 NaN 90676878 322790823 
35 23/03/28 02:26:17 3.55 4 5906260 1497180 43105080 3892952 1225236 2667716 0 0 NaN 90676948 322793621 
36 23/03/28 02:26:21 0.5 4 5906460 1497340 43118590 3892952 1227956 2664996 0 0 NaN 90676948 322793725 
37 23/03/28 02:26:24 0.51 4 5906990 1497500 43131780 3892952 1229972 2662980 0 0 NaN 90676948 322793777 
38 23/03/28 02:26:28 100 4 5915390 1497750 43137110 3892952 1212588 2680364 0 0 NaN 90677275 322794144 
39 23/03/28 02:26:31 100 4 5929300 1497860 43137110 3892952 1208052 2684900 0 0 NaN 90677275 322794248 
40 23/03/28 02:26:35 100 4 5943190 1497980 43137110 3892952 1213880 2679072 0 0 NaN 90677275 322794352 
41 23/03/28 02:26:38 100 4 5957100 1498090 43137110 3892952 1222620 2670332 0 0 NaN 90677345 322794464 
42 23/03/28 02:26:42 100 4 5971000 1498200 43137110 3892952 1219092 2673860 0 0 NaN 90677345 322794568 
43 23/03/28 02:26:46 100 4 5984930 1498280 43137110 3892952 1214556 2678396 0 0 NaN 90677345 322797306 
44 23/03/28 02:26:49 100 4 5998860 1498380 43137110 3892952 1210272 2682680 0 0 NaN 90678448 322798403 
45 23/03/28 02:26:53 100 4 6012750 1498510 43137110 3892952 1213992 2678960 0 0 NaN 90678448 322798455 
46 23/03/28 02:26:56 100 4 6026670 1498600 43137110 3892952 1209960 2682992 0 0 NaN 90678448 322798559 
47 23/03/28 02:27:00 99.5 4 6040550 1498730 43137110 3892952 1206180 2686772 0 0 NaN 90678518 322798723 
48 23/03/28 02:27:03 100 4 6054360 1498890 43137110 3892952 1206180 2686772 0 0 NaN 90678681 322798893 
49 23/03/28 02:27:07 100 4 6068270 1499000 43137110 3892952 1213728 2679224 0 0 NaN 90678775 322799082 
50 23/03/28 02:27:10 100 4 6082170 1499100 43137110 3892952 1208968 2683984 0 0 NaN 90678845 322799246 
51 23/03/28 02:27:14 100 4 6096100 1499190 43137110 3892952 1212740 2680212 0 0 NaN 90678845 322799350 
52 23/03/28 02:27:17 100 4 6109970 1499340 43137110 3892952 1183248 2709704 0 0 NaN 90679315 322807676 
53 23/03/28 02:27:21 100 4 6123830 1499520 43137110 3892952 1163308 2729644 0 0 NaN 90683345 322822388 
54 23/03/28 02:27:24 100 4 6137740 1499620 43137110 3892952 1177512 2715440 0 0 NaN 90683415 322822552 
55 23/03/28 02:27:28 100 4 6151660 1499720 43137110 3892952 1197148 2695804 0 0 NaN 90684049 322822851 
56 23/03/28 02:27:31 100 4 6165600 1499790 43137110 3892952 1195136 2697816 0 0 NaN 90684049 322822955 
57 23/03/28 02:27:35 100 4 6179540 1499880 43137110 3892952 1202376 2690576 0 0 NaN 90684119 322823067 
58 23/03/28 02:27:38 100 4 6193450 1499970 43137110 3892952 1200612 2692340 0 0 NaN 90684119 322823213 
59 23/03/28 02:27:42 0 4 6199790 1500140 43144520 3892952 1191292 2701660 0 0 NaN 90684386 322823530 
60 23/03/28 02:27:45 6.03 4 6199940 1500310 43158080 3892952 1204544 2688408 0 0 NaN 90684713 322826195 
61 23/03/28 02:27:49 0.5 4 6200010 1500480 43171660 3892952 1210492 2682460 0 0 NaN 90684713 322826583 
62 23/03/28 02:27:52 0 4 6200130 1500660 43185290 3892952 1209488 2683464 0 0 NaN 90684713 322826687 
63 23/03/28 02:27:56 3.52 4 6200290 1500870 43198870 3892952 1214372 2678580 0 0 NaN 90684783 322826851 
64 23/03/28 02:27:59 0.5 4 6200430 1501010 43212530 3892952 1210120 2682832 0 0 NaN 90684783 322826955 
65 23/03/28 02:28:03 0.5 4 6200550 1501190 43226220 3892952 1214720 2678232 0 0 NaN 90685040 322827210 
66 23/03/28 02:28:06 4.5 4 6200780 1501400 43239700 3892952 1207916 2685036 0 0 NaN 90689885 322829751 
67 23/03/28 02:28:10 2.01 4 6201040 1501580 43253170 3892952 1212956 2679996 0 0 NaN 90690292 322842423 
68 23/03/28 02:28:13 2.51 4 6201260 1501750 43266710 3892952 1215892 2677060 0 0 NaN 90690292 322842527 
69 23/03/28 02:28:17 4.04 4 6201530 1501920 43280100 3892952 1213152 2679800 0 0 NaN 90690550 322845614 
70 23/03/28 02:28:20 2.51 4 6201780 1502070 43293550 3892952 1216704 2676248 0 0 NaN 90690550 322845718 
71 23/03/28 02:28:24 0.5 4 6202020 1502210 43307050 3892952 1214216 2678736 0 0 NaN 90690550 322845822 
72 23/03/28 02:28:27 3.02 4 6202150 1502370 43320660 3892952 1210436 2682516 0 0 NaN 90690620 322845986 
73 23/03/28 02:28:31 4.06 4 6202300 1502540 43334260 3892952 1208928 2684024 0 0 NaN 90690877 322846241 
74 23/03/28 02:28:34 19.29 4 6203700 1502930 43346360 3892952 1211184 2681768 0 0 NaN 90690877 322846345 
75 23/03/28 02:28:38 15.08 4 6204140 1503220 43359570 3892952 1200852 2692100 0 0 NaN 90690877 322846449 
76 23/03/28 02:28:41 18 4 6204810 1503570 43371750 3892952 1196068 2696884 0 0 NaN 90690947 322846613 
77 23/03/28 02:28:45 25.63 4 6206530 1505730 43381710 3892952 217432 3675520 0 0 NaN 90690947 322846665 
78 23/03/28 02:28:48 28 4 6208540 1507560 43391880 3892952 737612 3155340 0 0 NaN 90690947 322849403 
79 23/03/28 02:28:52 25.13 4 6211520 1508330 43402110 3892952 197352 3695600 0 0 NaN 90691017 322849567 
80 23/03/28 02:28:55 25 4 6214890 1508660 43412350 3892952 193572 3699380 0 0 NaN 90691111 322849737 
81 23/03/28 02:28:59 31 4 6217360 1510000 43422400 3892952 1238792 2654160 0 0 NaN 90691368 322849992 
82 23/03/28 02:29:02 25.5 4 6218570 1512630 43432570 3892952 1171700 2721252 0 0 NaN 90691438 322850156 
83 23/03/28 02:29:06 28.28 4 6221450 1513520 43442690 3892952 221440 3671512 0 0 NaN 90691438 322850260 
84 23/03/28 02:29:09 28.5 4 6224000 1514720 43452900 3892952 217684 3675268 0 0 NaN 90691438 322850364 
85 23/03/28 02:29:13 25.38 4 6226560 1516100 43462760 3892952 203784 3689168 0 0 NaN 90691508 322850476 
86 23/03/28 02:29:16 28.14 4 6229090 1517440 43472780 3892952 199636 3693316 0 0 NaN 90691765 322853417 
87 23/03/28 02:29:20 39 4 6231990 1518740 43482430 3892952 203560 3689392 0 0 NaN 90691765 322853521 
88 23/03/28 02:29:23 25.13 4 6234870 1519620 43492660 3892952 215080 3677872 0 0 NaN 90691835 322853685 
89 23/03/28 02:29:27 28.14 4 6237280 1521000 43502820 3892952 1260520 2632432 0 0 NaN 90691835 322853737 
90 23/03/28 02:29:30 28 4 6239010 1523020 43513030 3892952 389420 3503532 0 0 NaN 90691998 322853841 
91 23/03/28 02:29:34 25.37 4 6241960 1523800 43523290 3892952 1166816 2726136 0 0 NaN 90692162 322854208 
92 23/03/28 02:29:37 27.27 4 6244800 1524820 43533310 3892952 151040 3741912 0 0 NaN 90692162 322854354 
93 23/03/28 02:29:41 26 4 6248390 1524960 43543520 3892952 150388 3742564 0 0 NaN 90692256 322854472 
94 23/03/28 02:29:44 25.63 4 6251980 1525130 43553710 3892952 145348 3747604 0 0 NaN 90692326 322854636 
95 23/03/28 02:29:48 30 4 6254950 1525950 43563860 3892952 289328 3603624 0 0 NaN 90692583 322857577 
96 23/03/28 02:29:51 25.13 4 6258500 1526120 43574120 3892952 284288 3608664 0 0 NaN 90692583 322857681 
97 23/03/28 02:29:55 50.25 4 6262220 1526720 43583760 3892952 1126100 2766852 0 0 NaN 90695173 322861449 
98 23/03/28 02:29:58 28.14 4 6266460 1527660 43592230 3892952 288648 3604304 0 0 NaN 90695243 322861561 
99 23/03/28 02:30:02 0 4 6267170 1527910 43605180 3892952 1324776 2568176 0 0 NaN 90695243 322861665 
100 23/03/28 02:30:05 0 4 6267270 1528060 43618680 3892952 1328016 2564936 0 0 NaN 90695243 322861769 
