Testes Data Hora CpuPercent QntCpus CpuTimesUser CpuTimesSystem CpuTimesIdle MemTotal MemAvaliable MemUsed DiskUsed DiskTotal DiskPercent BytesSend BytesRecv
1 23/03/28 01:32:02 19.29 4 3978730 1132840 32766880 3892952 1510828 2382124 0 0 NaN 69077491 309516954 
2 23/03/28 01:32:05 3.54 4 3979780 1133080 32780320 3892952 1514708 2378244 0 0 NaN 69077585 309517124 
3 23/03/28 01:32:09 0 4 3979890 1133240 32794010 3892952 1510172 2382780 0 0 NaN 69077655 309517236 
4 23/03/28 01:32:12 0.5 4 3979980 1133430 32807650 3892952 1510932 2382020 0 0 NaN 69077749 309520211 
5 23/03/28 01:32:16 3.52 4 3980140 1133610 32821190 3892952 1519168 2373784 0 0 NaN 69077937 309520552 
6 23/03/28 01:32:19 1 4 3980240 1133790 32834870 3892952 1514912 2378040 0 0 NaN 69078007 309520716 
7 23/03/28 01:32:23 1.01 4 3980340 1133970 32848510 3892952 1518476 2374476 0 0 NaN 69078358 309521037 
8 23/03/28 01:32:26 3.52 4 3980500 1134140 32862120 3892952 1514000 2378952 0 0 NaN 69078358 309521141 
9 23/03/28 01:32:30 0 4 3980640 1134280 32875800 3892952 1513496 2379456 0 0 NaN 69078428 309521305 
10 23/03/28 01:32:33 3.02 4 3980780 1134470 32889410 3892952 1512992 2379960 0 0 NaN 69078428 309521409 
11 23/03/28 01:32:37 3.52 4 3980870 1134630 32903080 3892952 1508208 2384744 0 0 NaN 69078428 309521461 
12 23/03/28 01:32:40 0 4 3981020 1134770 32916690 3892952 1509244 2383708 0 0 NaN 69078498 309521625 
13 23/03/28 01:32:44 5.05 4 3981180 1134940 32930220 3892952 1506220 2386732 0 0 NaN 69078755 309524566 
14 23/03/28 01:32:47 4.48 4 3981360 1135100 32943890 3892952 1510008 2382944 0 0 NaN 69078755 309524670 
15 23/03/28 01:32:51 0 4 3981520 1135240 32957540 3892952 1509280 2383672 0 0 NaN 69078755 309524722 
16 23/03/28 01:32:54 3.02 4 3981680 1135440 32971060 3892952 1515016 2377936 0 0 NaN 69078825 309524886 
17 23/03/28 01:32:58 3.03 4 3981770 1135560 32984750 3892952 1509220 2383732 0 0 NaN 69078825 309524990 
18 23/03/28 01:33:01 1 4 3981900 1135710 32998400 3892952 1512700 2380252 0 0 NaN 69078825 309525094 
19 23/03/28 01:33:05 6.44 4 3982050 1135900 33011980 3892952 1510940 2382012 0 0 NaN 69078895 309525206 
20 23/03/28 01:33:08 1.52 4 3982180 1136060 33025640 3892952 1506408 2386544 0 0 NaN 69078989 309525310 
21 23/03/28 01:33:12 0.5 4 3982310 1136220 33039260 3892952 1506184 2386768 0 0 NaN 69079478 309528048 
22 23/03/28 01:33:15 5.53 4 3982460 1136380 33052830 3892952 1514680 2378272 0 0 NaN 69080037 309528212 
23 23/03/28 01:33:19 0 4 3982550 1136540 33066520 3892952 1514176 2378776 0 0 NaN 69080200 309528264 
24 23/03/28 01:33:22 0.5 4 3982670 1136700 33080140 3892952 1510424 2382528 0 0 NaN 69080200 309528368 
25 23/03/28 01:33:26 4.02 4 3982840 1136900 33093720 3892952 1510172 2382780 0 0 NaN 69080433 309528532 
26 23/03/28 01:33:29 0.5 4 3982980 1137050 33107390 3892952 1519416 2373536 0 0 NaN 69080433 309528636 
27 23/03/28 01:33:33 0.5 4 3983320 1137250 33120840 3892952 1505984 2386968 0 0 NaN 69080637 309528688 
28 23/03/28 01:33:36 6 4 3983490 1137460 33134330 3892952 1500692 2392260 0 0 NaN 69080809 309528852 
29 23/03/28 01:33:40 0 4 3983640 1137610 33147670 3892952 1492380 2400572 0 0 NaN 69088338 309528998 
30 23/03/28 01:33:43 0.5 4 3983760 1137750 33161340 3892952 1502724 2390228 0 0 NaN 69095346 309531736 
31 23/03/28 01:33:47 4.04 4 3983920 1137980 33174860 3892952 1497688 2395264 0 0 NaN 69098362 309531848 
32 23/03/28 01:33:50 0.5 4 3984130 1138130 33188390 3892952 1485420 2407532 0 0 NaN 69098566 309531952 
33 23/03/28 01:33:54 1.01 4 3984330 1138300 33201940 3892952 1500208 2392744 0 0 NaN 69098660 309532098 
34 23/03/28 01:33:57 6.57 4 3984530 1138490 33215430 3892952 1509788 2383164 0 0 NaN 69098934 309532262 
35 23/03/28 01:34:01 0 4 3984670 1138620 33229060 3892952 1509032 2383920 0 0 NaN 69098934 309532314 
36 23/03/28 01:34:04 0 4 3984780 1138740 33242690 3892952 1516856 2376096 0 0 NaN 69099036 309532366 
37 23/03/28 01:34:08 4.5 4 3985010 1138940 33256130 3892952 1506740 2386212 0 0 NaN 69099106 309532530 
38 23/03/28 01:34:11 0 4 3985140 1139100 33269760 3892952 1513764 2379188 0 0 NaN 69099269 309532634 
39 23/03/28 01:34:15 0.5 4 3985300 1139230 33283390 3892952 1523052 2369900 0 0 NaN 69099473 309535320 
40 23/03/28 01:34:18 3.54 4 3985430 1139460 33296950 3892952 1520788 2372164 0 0 NaN 69099473 309535424 
41 23/03/28 01:34:22 1 4 3985590 1139620 33310620 3892952 1519556 2373396 0 0 NaN 69099543 309535588 
42 23/03/28 01:34:25 1.49 4 3985740 1139780 33324220 3892952 1516280 2376672 0 0 NaN 69099543 309535692 
43 23/03/28 01:34:29 4.52 4 3985860 1139980 33337800 3892952 1514772 2378180 0 0 NaN 69099543 309535744 
44 23/03/28 01:34:32 0 4 3986010 1140160 33351430 3892952 1513268 2379684 0 0 NaN 69099735 309535962 
45 23/03/28 01:34:36 2.02 4 3986250 1140350 33364850 3892952 1507980 2384972 0 0 NaN 69099839 309536195 
46 23/03/28 01:34:39 27.92 4 3988640 1141130 33374140 3892952 1459864 2433088 0 0 NaN 69112970 309544834 
47 23/03/28 01:34:43 0 4 3988810 1141310 33387700 3892952 1476024 2416928 0 0 NaN 69113040 309547632 
48 23/03/28 01:34:46 1.01 4 3989000 1141480 33401230 3892952 1474016 2418936 0 0 NaN 69116455 309552022 
49 23/03/28 01:34:50 3.03 4 3989140 1141690 33414520 3892952 1476564 2416388 0 0 NaN 69117261 309552321 
50 23/03/28 01:34:53 0 4 3989280 1141860 33428120 3892952 1477292 2415660 0 0 NaN 69117448 309552753 
51 23/03/28 01:34:57 7.58 4 3989760 1142130 33441280 3892952 1465300 2427652 0 0 NaN 69117996 309553477 
52 23/03/28 01:35:00 4.48 4 3990080 1142380 33454710 3892952 1472108 2420844 0 0 NaN 69118435 309554006 
53 23/03/28 01:35:04 1.01 4 3990220 1142550 33468280 3892952 1475604 2417348 0 0 NaN 69118505 309554170 
54 23/03/28 01:35:07 0.5 4 3990370 1142690 33481630 3892952 1471348 2421604 0 0 NaN 69118505 309554274 
55 23/03/28 01:35:11 3.03 4 3990520 1142900 33495210 3892952 1481500 2411452 0 0 NaN 69118505 309554378 
56 23/03/28 01:35:14 0 4 3990640 1143050 33508860 3892952 1485436 2407516 0 0 NaN 69118832 309557327 
57 23/03/28 01:35:18 0 4 3990740 1143200 33522550 3892952 1482948 2410004 0 0 NaN 69118832 309557431 
58 23/03/28 01:35:21 3.52 4 3990890 1143400 33536160 3892952 1490356 2402596 0 0 NaN 69118832 309557535 
59 23/03/28 01:35:25 1 4 3991040 1143590 33549790 3892952 1485064 2407888 0 0 NaN 69118902 309557699 
60 23/03/28 01:35:28 2.99 4 3991170 1143780 33563430 3892952 1478040 2414912 0 0 NaN 69118902 309557751 
61 23/03/28 01:35:32 4 4 3991350 1143960 33577110 3892952 1476780 2416172 0 0 NaN 69118996 309557921 
62 23/03/28 01:35:35 0.5 4 3991460 1144120 33590790 3892952 1475268 2417684 0 0 NaN 69119253 309558228 
63 23/03/28 01:35:39 3.98 4 3991610 1144310 33604360 3892952 1486744 2406208 0 0 NaN 69119323 309558392 
64 23/03/28 01:35:43 4.52 4 3991750 1144460 33618030 3892952 1481956 2410996 0 0 NaN 69119323 309561078 
65 23/03/28 01:35:46 0.5 4 3991920 1144590 33631700 3892952 1479944 2413008 0 0 NaN 69119323 309561182 
66 23/03/28 01:35:50 4 4 3992180 1144790 33645200 3892952 1474148 2418804 0 0 NaN 69119393 309561346 
67 23/03/28 01:35:53 4 4 3992360 1144930 33658850 3892952 1478944 2414008 0 0 NaN 69119593 309561753 
68 23/03/28 01:35:57 3.02 4 3992480 1145100 33672390 3892952 1475164 2417788 0 0 NaN 69119593 309561805 
69 23/03/28 01:36:00 3.03 4 3992620 1145300 33685990 3892952 1473904 2419048 0 0 NaN 69119663 309561969 
70 23/03/28 01:36:04 3.54 4 3992740 1145440 33699630 3892952 1476864 2416088 0 0 NaN 69120026 309562413 
71 23/03/28 01:36:07 0.5 4 3992890 1145590 33713290 3892952 1476360 2416592 0 0 NaN 69120026 309562517 
72 23/03/28 01:36:11 3.52 4 3993080 1145760 33726860 3892952 1472328 2420624 0 0 NaN 69120096 309562629 
73 23/03/28 01:36:14 1 4 3993220 1145920 33740430 3892952 1471100 2421852 0 0 NaN 69120096 309565367 
74 23/03/28 01:36:18 0 4 3993350 1146060 33754120 3892952 1480196 2412756 0 0 NaN 69120096 309565471 
75 23/03/28 01:36:21 4 4 3993660 1146230 33767470 3892952 1475436 2417516 0 0 NaN 69120586 309565838 
76 23/03/28 01:36:25 0 4 3993770 1146380 33781080 3892952 1477176 2415776 0 0 NaN 69121009 309566134 
77 23/03/28 01:36:28 0 4 3993850 1146540 33794770 3892952 1472892 2420060 0 0 NaN 69121009 309566238 
78 23/03/28 01:36:32 3.98 4 3993980 1146730 33808360 3892952 1483044 2409908 0 0 NaN 69121181 309566402 
79 23/03/28 01:36:35 0.5 4 3994110 1146870 33821940 3892952 1487756 2405196 0 0 NaN 69121181 309566506 
80 23/03/28 01:36:39 1.49 4 3994240 1147040 33835620 3892952 1482720 2410232 0 0 NaN 69121540 309566761 
81 23/03/28 01:36:42 12.56 4 3994380 1147240 33849020 3892952 1479444 2413508 0 0 NaN 69121610 309569559 
82 23/03/28 01:36:46 51.5 4 3994760 1147680 33853290 3892952 1466292 2426660 0 0 NaN 69122294 309569663 
83 23/03/28 01:36:49 0.5 4 3995020 1147910 33865490 3892952 1458592 2434360 0 0 NaN 69123323 309570253 
84 23/03/28 01:36:53 3.03 4 3995160 1148080 33879020 3892952 1458592 2434360 0 0 NaN 69123323 309570305 
85 23/03/28 01:36:56 0.5 4 3995340 1148250 33892650 3892952 1457584 2435368 0 0 NaN 69123744 309570738 
86 23/03/28 01:37:00 0.5 4 3995480 1148440 33906070 3892952 1466392 2426560 0 0 NaN 69123744 309570842 
87 23/03/28 01:37:03 3.05 4 3995630 1148700 33919580 3892952 1461352 2431600 0 0 NaN 69123744 309570946 
88 23/03/28 01:37:07 0.5 4 3995760 1148870 33933230 3892952 1459592 2433360 0 0 NaN 69123814 309571058 
89 23/03/28 01:37:10 1.99 4 3995940 1149040 33946840 3892952 1456316 2436636 0 0 NaN 69123814 309571162 
90 23/03/28 01:37:14 9.45 4 3996120 1149240 33960310 3892952 1454076 2438876 0 0 NaN 69123814 309573900 
91 23/03/28 01:37:17 1.49 4 3996280 1149400 33973980 3892952 1457800 2435152 0 0 NaN 69123884 309576766 
92 23/03/28 01:37:21 1.49 4 3996450 1149540 33987630 3892952 1453516 2439436 0 0 NaN 69123884 309576818 
93 23/03/28 01:37:24 3.05 4 3996600 1149750 34001240 3892952 1448984 2443968 0 0 NaN 69123884 309576922 
94 23/03/28 01:37:28 0.5 4 3996740 1149880 34014890 3892952 1455260 2437692 0 0 NaN 69124211 309577289 
95 23/03/28 01:37:31 0 4 3996860 1150040 34028570 3892952 1450976 2441976 0 0 NaN 69124211 309577393 
96 23/03/28 01:37:35 3.52 4 3997000 1150250 34042180 3892952 1460644 2432308 0 0 NaN 69124211 309577487 
97 23/03/28 01:37:38 0 4 3997120 1150400 34055820 3892952 1457148 2435804 0 0 NaN 69124281 309577651 
98 23/03/28 01:37:42 1 4 3997280 1150580 34069480 3892952 1455892 2437060 0 0 NaN 69124281 309577755 
99 23/03/28 01:37:45 4 4 3997420 1150760 34083080 3892952 1451356 2441596 0 0 NaN 69124538 309580696 
100 23/03/28 01:37:49 0.5 4 3997550 1150890 34096760 3892952 1450880 2442072 0 0 NaN 69124608 309580808 
