Testes Data Hora CpuPercent QntCpus CpuTimesUser CpuTimesSystem CpuTimesIdle MemTotal MemAvaliable MemUsed DiskUsed DiskTotal DiskPercent BytesSend BytesRecv
1 2023/03/27 00:19:36 40.40 4.00 32278.75 10129.28 99396.17 3.71 0.63 2.21 68.01 457.37467193603516 15.7 749229264
2 2023/03/27 00:19:39 46.70 4.00 32283.01 10130.79 99402.30 3.71 0.63 2.22 68.01 457.37467193603516 15.7 749347170
3 2023/03/27 00:19:42 53.90 4.00 32287.01 10132.20 99408.59 3.71 0.64 2.20 68.01 457.37467193603516 15.7 749462039
4 2023/03/27 00:19:45 100.00 4.00 32298.57 10132.60 99408.59 3.71 0.65 2.19 68.01 457.37467193603516 15.7 749524729
5 2023/03/27 00:19:48 100.00 4.00 32309.91 10133.22 99408.60 3.71 0.67 2.18 68.01 457.37467193603516 15.7 749574699
6 2023/03/27 00:19:51 100.00 4.00 32321.46 10133.62 99408.60 3.71 0.66 2.18 68.01 457.37467193603516 15.7 749629973
7 2023/03/27 00:19:54 100.00 4.00 32332.98 10134.07 99408.60 3.71 0.66 2.18 68.01 457.37467193603516 15.7 749684364
8 2023/03/27 00:19:57 100.00 4.00 32344.47 10134.58 99408.60 3.71 0.64 2.21 68.01 457.37467193603516 15.7 749734959
9 2023/03/27 00:20:00 100.00 4.00 32356.02 10134.99 99408.60 3.71 0.66 2.19 68.01 457.37467193603516 15.7 749789777
10 2023/03/27 00:20:03 100.00 4.00 32367.51 10135.47 99408.60 3.71 0.66 2.19 68.01 457.37467193603516 15.7 749839789
11 2023/03/27 00:20:06 100.00 4.00 32379.14 10135.79 99408.60 3.71 0.65 2.20 68.01 457.37467193603516 15.7 749893556
12 2023/03/27 00:20:09 100.00 4.00 32390.50 10136.38 99408.60 3.71 0.66 2.19 68.01 457.37467193603516 15.7 749969717
13 2023/03/27 00:20:12 100.00 4.00 32401.96 10136.89 99408.60 3.71 0.67 2.18 68.01 457.37467193603516 15.7 750044631
14 2023/03/27 00:20:15 19.00 4.00 32408.08 10137.55 99413.69 3.71 0.66 2.19 68.01 457.37467193603516 15.7 750115495
15 2023/03/27 00:20:18 21.60 4.00 32410.39 10138.41 99422.57 3.71 0.67 2.18 68.01 457.37467193603516 15.7 750191915
16 2023/03/27 00:20:21 19.00 4.00 32412.04 10139.14 99432.09 3.71 0.67 2.19 68.01 457.37467193603516 15.7 750262417
17 2023/03/27 00:20:24 21.70 4.00 32414.36 10139.90 99440.90 3.71 0.67 2.19 68.01 457.37467193603516 15.7 750311995
18 2023/03/27 00:20:27 32.60 4.00 32416.59 10140.74 99449.75 3.71 0.67 2.19 68.01 457.37467193603516 15.7 750360400
19 2023/03/27 00:20:30 19.90 4.00 32418.48 10141.44 99459.10 3.71 0.67 2.19 68.01 457.37467193603516 15.7 750417672
20 2023/03/27 00:20:33 18.30 4.00 32420.60 10142.32 99467.99 3.71 0.67 2.19 68.01 457.37467193603516 15.7 750503257
21 2023/03/27 00:20:36 25.80 4.00 32422.68 10143.07 99477.04 3.71 0.66 2.20 68.01 457.37467193603516 15.7 750571001
22 2023/03/27 00:20:39 25.70 4.00 32425.14 10143.83 99485.93 3.71 0.66 2.20 68.01 457.37467193603516 15.7 750641499
23 2023/03/27 00:20:42 100.00 4.00 32433.69 10144.60 99488.58 3.71 0.66 2.20 68.01 457.37467193603516 15.7 750726772
24 2023/03/27 00:20:45 100.00 4.00 32445.30 10144.96 99488.58 3.71 0.65 2.21 68.01 457.37467193603516 15.7 750796207
25 2023/03/27 00:20:48 100.00 4.00 32456.79 10145.44 99488.58 3.71 0.66 2.20 68.01 457.37467193603516 15.7 750850517
26 2023/03/27 00:20:51 100.00 4.00 32468.37 10145.85 99488.58 3.71 0.65 2.20 68.01 457.37467193603516 15.7 750932574
27 2023/03/27 00:20:54 100.00 4.00 32479.48 10146.66 99488.58 3.71 0.64 2.22 68.01 457.37467193603516 15.7 751005318
28 2023/03/27 00:20:57 100.00 4.00 32491.03 10147.09 99488.58 3.71 0.62 2.24 68.01 457.37467193603516 15.7 751092249
29 2023/03/27 00:21:00 100.00 4.00 32502.54 10147.56 99488.58 3.71 0.65 2.20 68.01 457.37467193603516 15.7 751182344
30 2023/03/27 00:21:03 100.00 4.00 32513.96 10148.07 99488.58 3.71 0.67 2.19 68.01 457.37467193603516 15.7 751269402
31 2023/03/27 00:21:06 94.30 4.00 32525.18 10148.57 99488.81 3.71 0.68 2.17 68.01 457.37467193603516 15.7 751366326
32 2023/03/27 00:21:09 22.80 4.00 32527.38 10149.46 99497.72 3.71 0.69 2.17 68.01 457.37467193603516 15.7 751463922
33 2023/03/27 00:21:12 31.80 4.00 32529.58 10150.32 99506.61 3.71 0.68 2.17 68.01 457.37467193603516 15.7 751551060
34 2023/03/27 00:21:15 24.30 4.00 32531.45 10151.14 99515.88 3.71 0.68 2.17 68.01 457.37467193603516 15.7 751642347
35 2023/03/27 00:21:18 26.20 4.00 32533.85 10152.02 99524.41 3.71 0.65 2.20 68.01 457.37467193603516 15.7 751738153
36 2023/03/27 00:21:21 25.80 4.00 32535.77 10152.86 99533.55 3.71 0.66 2.20 68.01 457.37467193603516 15.7 751828124
37 2023/03/27 00:21:25 33.90 4.00 32538.63 10153.64 99541.86 3.71 0.65 2.20 68.01 457.37467193603516 15.7 751900876
38 2023/03/27 00:21:28 34.10 4.00 32540.76 10154.54 99550.67 3.71 0.66 2.20 68.01 457.37467193603516 15.7 751973433
39 2023/03/27 00:21:31 27.50 4.00 32542.70 10155.29 99559.73 3.71 0.65 2.21 68.01 457.37467193603516 15.7 752033683
40 2023/03/27 00:21:34 21.00 4.00 32545.07 10156.07 99568.50 3.71 0.65 2.20 68.01 457.37467193603516 15.7 752110492
41 2023/03/27 00:21:37 27.50 4.00 32547.17 10156.85 99577.64 3.71 0.65 2.20 68.01 457.37467193603516 15.7 752169731
42 2023/03/27 00:21:40 25.70 4.00 32549.60 10157.56 99586.41 3.71 0.65 2.21 68.01 457.37467193603516 15.7 752248817
43 2023/03/27 00:21:43 22.40 4.00 32551.53 10159.20 99588.35 3.71 0.52 2.32 68.01 457.37467193603516 15.7 752312805
44 2023/03/27 00:21:46 12.20 4.00 32552.01 10159.67 99588.43 3.71 0.51 2.33 68.01 457.37467193603516 15.7 752317076
45 2023/03/27 00:21:49 88.20 4.00 32556.59 10161.49 99588.58 3.71 0.58 2.25 68.01 457.37467193603516 15.7 752476697
46 2023/03/27 00:21:52 74.90 4.00 32563.76 10164.19 99588.86 3.71 0.56 2.28 68.01 457.37467193603516 15.7 752529264
47 2023/03/27 00:21:55 78.50 4.00 32570.79 10166.24 99589.43 3.71 0.52 2.35 68.01 457.37467193603516 15.7 752606144
48 2023/03/27 00:21:58 54.80 4.00 32576.36 10167.48 99590.15 3.71 0.52 2.35 68.01 457.37467193603516 15.7 752666404
49 2023/03/27 00:22:01 47.30 4.00 32581.19 10168.35 99590.86 3.71 0.50 2.36 68.01 457.37467193603516 15.7 752734159
50 2023/03/27 00:22:04 84.50 4.00 32588.33 10170.00 99591.23 3.71 0.55 2.32 68.01 457.37467193603516 15.7 752810138
51 2023/03/27 00:22:07 72.80 4.00 32596.70 10171.42 99592.03 3.71 0.52 2.34 68.01 457.37467193603516 15.7 752899937
52 2023/03/27 00:22:10 88.10 4.00 32606.39 10172.67 99592.92 3.71 0.50 2.36 68.01 457.37467193603516 15.7 752952649
53 2023/03/27 00:22:13 100.00 4.00 32616.69 10173.78 99593.19 3.71 0.55 2.31 68.01 457.37467193603516 15.7 753034760
54 2023/03/27 00:22:16 100.00 4.00 32627.30 10175.14 99593.19 3.71 0.51 2.35 68.01 457.37467193603516 15.7 753093941
55 2023/03/27 00:22:19 100.00 4.00 32638.40 10176.01 99593.19 3.71 0.51 2.35 68.01 457.37467193603516 15.7 753144058
56 2023/03/27 00:22:22 69.90 4.00 32648.18 10176.98 99594.36 3.71 0.75 2.11 68.01 457.37467193603516 15.7 753208623
57 2023/03/27 00:22:25 20.80 4.00 32650.33 10177.74 99603.10 3.71 0.75 2.11 68.01 457.37467193603516 15.7 753264608
58 2023/03/27 00:22:28 24.40 4.00 32653.25 10179.10 99610.85 3.71 0.77 2.09 68.01 457.37467193603516 15.7 753329421
59 2023/03/27 00:22:31 19.00 4.00 32654.80 10179.76 99620.28 3.71 0.76 2.10 68.01 457.37467193603516 15.7 753384529
60 2023/03/27 00:22:34 22.70 4.00 32656.96 10180.54 99629.19 3.71 0.76 2.10 68.01 457.37467193603516 15.7 753449805
61 2023/03/27 00:22:37 29.00 4.00 32659.36 10181.32 99637.88 3.71 0.75 2.12 68.01 457.37467193603516 15.7 753532426
62 2023/03/27 00:22:40 25.20 4.00 32661.48 10182.21 99646.67 3.71 0.76 2.10 68.01 457.37467193603516 15.7 753618848
63 2023/03/27 00:22:43 28.60 4.00 32664.06 10183.06 99655.35 3.71 0.76 2.10 68.01 457.37467193603516 15.7 753699657
64 2023/03/27 00:22:46 20.30 4.00 32665.80 10183.77 99664.56 3.71 0.76 2.10 68.01 457.37467193603516 15.7 753760630
65 2023/03/27 00:22:49 22.60 4.00 32668.22 10184.55 99673.22 3.71 0.76 2.10 68.01 457.37467193603516 15.7 753834001
66 2023/03/27 00:22:52 28.80 4.00 32670.18 10185.39 99682.23 3.71 0.75 2.12 68.01 457.37467193603516 15.7 753924080
67 2023/03/27 00:22:55 22.20 4.00 32672.11 10186.20 99691.40 3.71 0.76 2.11 68.01 457.37467193603516 15.7 754015494
68 2023/03/27 00:22:58 40.10 4.00 32674.98 10186.98 99699.62 3.71 0.76 2.10 68.01 457.37467193603516 15.7 754078185
69 2023/03/27 00:23:01 21.00 4.00 32676.84 10188.01 99708.60 3.71 0.76 2.10 68.01 457.37467193603516 15.7 754155750
70 2023/03/27 00:23:04 24.30 4.00 32679.28 10188.86 99717.24 3.71 0.76 2.10 68.01 457.37467193603516 15.7 754232426
71 2023/03/27 00:23:07 33.50 4.00 32681.49 10189.67 99726.10 3.71 0.74 2.13 68.01 457.37467193603516 15.7 754318767
72 2023/03/27 00:23:10 25.70 4.00 32683.54 10190.56 99734.95 3.71 0.75 2.12 68.01 457.37467193603516 15.7 754372852
73 2023/03/27 00:23:13 23.60 4.00 32686.30 10191.32 99743.34 3.71 0.77 2.10 68.01 457.37467193603516 15.7 754428067
74 2023/03/27 00:23:16 21.30 4.00 32688.22 10192.11 99752.67 3.71 0.76 2.10 68.01 457.37467193603516 15.7 754482437
75 2023/03/27 00:23:19 34.80 4.00 32691.06 10192.96 99760.84 3.71 0.76 2.11 68.01 457.37467193603516 15.7 754532284
76 2023/03/27 00:23:22 30.70 4.00 32693.16 10193.64 99769.87 3.71 0.75 2.11 68.01 457.37467193603516 15.7 754610772
77 2023/03/27 00:23:25 23.00 4.00 32694.98 10194.51 99779.07 3.71 0.76 2.11 68.01 457.37467193603516 15.7 754682997
78 2023/03/27 00:23:28 20.40 4.00 32697.20 10195.21 99788.11 3.71 0.77 2.09 68.01 457.37467193603516 15.7 754736618
79 2023/03/27 00:23:31 29.40 4.00 32699.39 10195.98 99793.96 3.71 0.75 2.11 68.01 457.37467193603516 15.7 754808543
80 2023/03/27 00:23:34 30.60 4.00 32702.11 10197.26 99801.95 3.71 0.76 2.11 68.01 457.37467193603516 15.7 754891578
81 2023/03/27 00:23:37 51.90 4.00 32705.31 10198.44 99809.41 3.71 0.73 2.13 68.01 457.37467193603516 15.7 755067415
82 2023/03/27 00:23:40 38.10 4.00 32708.79 10199.60 99816.66 3.71 0.74 2.11 68.01 457.37467193603516 15.7 755160177
83 2023/03/27 00:23:43 29.60 4.00 32712.22 10201.06 99823.63 3.71 0.75 2.10 68.01 457.37467193603516 15.7 755246856
84 2023/03/27 00:23:46 20.90 4.00 32713.96 10201.83 99832.82 3.71 0.75 2.10 68.01 457.37467193603516 15.7 755336269
85 2023/03/27 00:23:49 24.90 4.00 32716.31 10202.67 99841.55 3.71 0.74 2.12 68.01 457.37467193603516 15.7 755422804
86 2023/03/27 00:23:52 34.80 4.00 32718.78 10203.48 99850.30 3.71 0.75 2.10 68.01 457.37467193603516 15.7 755475089
87 2023/03/27 00:23:55 40.00 4.00 32721.50 10205.07 99857.85 3.71 0.62 2.23 68.01 457.37467193603516 15.7 755544952
88 2023/03/27 00:23:58 37.80 4.00 32723.05 10206.46 99858.93 3.71 0.42 2.41 68.01 457.37467193603516 15.7 755617066
89 2023/03/27 00:24:01 62.30 4.00 32725.88 10209.16 99859.78 3.71 0.32 2.52 68.01 457.37467193603516 15.7 755677426
90 2023/03/27 00:24:04 35.30 4.00 32727.88 10212.28 99860.12 3.71 0.22 2.62 68.01 457.37467193603516 15.7 755762339
91 2023/03/27 00:24:07 40.60 4.00 32729.62 10214.75 99860.35 3.71 0.16 2.71 68.01 457.37467193603516 15.7 755817850
92 2023/03/27 00:24:10 25.30 4.00 32730.12 10215.83 99860.36 3.71 0.20 2.71 68.01 457.37467193603516 15.7 755817850
93 2023/03/27 00:24:13 19.10 4.00 32730.67 10217.38 99860.48 3.71 0.14 2.79 68.01 457.37467193603516 15.7 755818038
94 2023/03/27 00:24:16 14.00 4.00 32731.68 10218.44 99860.52 3.71 0.13 2.81 68.01 457.37467193603516 15.7 755820661
95 2023/03/27 00:24:19 6.90 4.00 32732.10 10219.04 99860.59 3.71 0.13 2.82 68.01 457.37467193603516 15.7 755820731
96 2023/03/27 00:24:22 35.40 4.00 32733.90 10220.24 99860.75 3.71 0.13 2.84 68.01 457.37467193603516 15.7 755820731
97 2023/03/27 00:24:25 7.50 4.00 32734.59 10221.20 99860.75 3.71 0.12 2.88 68.01 457.37467193603516 15.7 755820731
98 2023/03/27 00:24:29 20.40 4.00 32735.35 10221.95 99860.75 3.71 0.12 2.87 68.01 457.37467193603516 15.7 755914815
99 2023/03/27 00:24:32 18.90 4.00 32736.00 10222.87 99860.75 3.71 0.66 2.31 68.01 457.37467193603516 15.7 755914815
100 2023/03/27 00:24:35 22.90 4.00 32737.33 10223.92 99860.75 3.71 0.79 2.19 68.00 457.37467193603516 15.7 755914815
