Testes Data Hora CpuPercent QntCpus CpuTimesUser CpuTimesSystem CpuTimesIdle MemTotal MemAvaliable MemUsed DiskUsed DiskTotal DiskPercent BytesSend BytesRecv
1 2023/03/26 21:05:46 51.20 4.00 19764.96 7018.08 71593.37 3.71 0.70 2.14 66.79 457.37467193603516 15.4 436748352
2 2023/03/26 21:05:48 26.50 4.00 19766.41 7018.78 71598.74 3.71 0.71 2.15 66.79 457.37467193603516 15.4 436808505
3 2023/03/26 21:05:50 21.60 4.00 19767.58 7019.28 71604.73 3.71 0.71 2.14 66.79 457.37467193603516 15.4 436870082
4 2023/03/26 21:05:52 24.00 4.00 19768.70 7019.87 71610.82 3.71 0.70 2.15 66.79 457.37467193603516 15.4 436926483
5 2023/03/26 21:05:54 17.00 4.00 19769.70 7020.28 71617.16 3.71 0.72 2.14 66.79 457.37467193603516 15.4 436955360
6 2023/03/26 21:05:56 22.20 4.00 19770.77 7020.74 71623.40 3.71 0.71 2.15 66.79 457.37467193603516 15.4 437007212
7 2023/03/26 21:05:58 21.20 4.00 19771.86 7021.23 71629.62 3.71 0.71 2.14 66.79 457.37467193603516 15.4 437064326
8 2023/03/26 21:06:00 20.90 4.00 19772.95 7021.76 71635.88 3.71 0.71 2.14 66.79 457.37467193603516 15.4 437124211
9 2023/03/26 21:06:02 24.70 4.00 19774.27 7022.35 71641.61 3.71 0.70 2.15 66.79 457.37467193603516 15.4 437185987
10 2023/03/26 21:06:04 30.40 4.00 19776.26 7022.97 71646.75 3.71 0.70 2.15 66.79 457.37467193603516 15.4 437245533
