1 2023/03/18 22:52:58 36.90 4.00 6911.79 1463.57 36735.56 7.66 1.57 5.25 70.29 233.17998886108398 31.8 73219132
2 2023/03/18 22:53:00 11.90 4.00 6912.58 1463.71 36742.50 7.66 1.56 5.26 70.29 233.17998886108398 31.8 73232316
3 2023/03/18 22:53:02 20.50 4.00 6913.52 1464.16 36748.88 7.66 1.60 5.25 70.29 233.17998886108398 31.8 73232316
4 2023/03/18 22:53:04 49.40 4.00 6914.79 1466.65 36752.67 7.66 1.61 5.23 70.29 233.17998886108398 31.8 73232790
5 2023/03/18 22:53:06 58.20 4.00 6916.25 1469.16 36755.90 7.66 1.60 5.23 70.29 233.17998886108398 31.8 73242603
6 2023/03/18 22:53:08 72.50 4.00 6918.88 1471.70 36757.40 7.66 1.51 5.31 70.29 233.17998886108398 31.8 73242725
7 2023/03/18 22:53:10 82.20 4.00 6921.50 1475.11 36758.49 7.66 1.39 5.34 70.29 233.17998886108398 31.8 73283799
8 2023/03/18 22:53:12 82.60 4.00 6925.66 1477.23 36759.53 7.66 1.32 5.39 70.28 233.17998886108398 31.8 73386838
9 2023/03/18 22:53:14 82.90 4.00 6931.01 1478.47 36760.39 7.66 1.31 5.38 70.28 233.17998886108398 31.8 73467284
10 2023/03/18 22:53:16 87.40 4.00 6936.44 1480.04 36761.01 7.66 1.34 5.35 70.28 233.17998886108398 31.8 73533361
11 2023/03/18 22:53:18 95.50 4.00 6942.20 1481.74 36761.31 7.66 1.29 5.38 70.28 233.17998886108398 31.8 73596925
12 2023/03/18 22:53:20 98.50 4.00 6948.44 1483.44 36761.36 7.66 1.26 5.37 70.29 233.17998886108398 31.8 73726567
13 2023/03/18 22:53:22 72.70 4.00 6954.29 1484.33 36762.29 7.66 1.25 5.37 70.29 233.17998886108398 31.8 73783001
14 2023/03/18 22:53:24 57.10 4.00 6958.33 1485.28 36764.81 7.66 1.24 5.38 70.29 233.17998886108398 31.8 73854208
15 2023/03/18 22:53:26 68.10 4.00 6963.02 1486.53 36766.60 7.66 1.20 5.38 70.29 233.17998886108398 31.8 73934106
16 2023/03/18 22:53:28 77.60 4.00 6967.56 1487.26 36769.16 7.66 1.20 5.39 70.29 233.17998886108398 31.8 73936158
17 2023/03/18 22:53:30 59.30 4.00 6972.18 1487.96 36771.63 7.66 1.21 5.37 70.29 233.17998886108398 31.8 73954810
18 2023/03/18 22:53:32 65.10 4.00 6976.05 1488.46 36775.05 7.66 1.22 5.36 70.29 233.17998886108398 31.8 73964461
19 2023/03/18 22:53:34 67.80 4.00 6981.18 1489.17 36777.13 7.66 1.20 5.38 70.29 233.17998886108398 31.8 73997977
20 2023/03/18 22:53:36 51.10 4.00 6985.66 1489.72 36779.97 7.66 1.21 5.39 70.29 233.17998886108398 31.8 74031088
21 2023/03/18 22:53:38 56.80 4.00 6990.83 1490.37 36782.08 7.66 1.21 5.39 70.29 233.17998886108398 31.8 74040472
22 2023/03/18 22:53:40 60.70 4.00 6995.56 1491.26 36784.25 7.66 1.20 5.39 70.29 233.17998886108398 31.8 74086128
23 2023/03/18 22:53:42 27.70 4.00 6997.72 1491.89 36789.28 7.66 1.19 5.39 70.29 233.17998886108398 31.8 74135298
24 2023/03/18 22:53:44 54.10 4.00 7001.37 1492.50 36792.94 7.66 1.20 5.40 70.29 233.17998886108398 31.8 74140349
25 2023/03/18 22:53:46 67.20 4.00 7006.85 1493.24 36794.75 7.66 1.20 5.39 70.29 233.17998886108398 31.8 74153791
26 2023/03/18 22:53:48 47.50 4.00 7010.52 1493.98 36798.30 7.66 1.20 5.40 70.29 233.17998886108398 31.8 74154574
27 2023/03/18 22:53:50 43.30 4.00 7013.51 1494.66 36802.54 7.66 1.22 5.38 70.29 233.17998886108398 31.8 74155387
28 2023/03/18 22:53:52 50.10 4.00 7017.11 1495.29 36806.22 7.66 1.21 5.38 70.29 233.17998886108398 31.8 74172727
29 2023/03/18 22:53:54 70.70 4.00 7022.54 1496.08 36807.90 7.66 1.19 5.40 70.29 233.17998886108398 31.8 74188092
30 2023/03/18 22:53:56 47.70 4.00 7026.77 1496.81 36810.90 7.66 1.20 5.40 70.29 233.17998886108398 31.8 74206905
31 2023/03/18 22:53:58 55.70 4.00 7029.61 1497.65 36814.99 7.66 1.21 5.39 70.29 233.17998886108398 31.8 74209603
32 2023/03/18 22:54:00 37.90 4.00 7031.80 1498.27 36820.02 7.66 1.21 5.39 70.29 233.17998886108398 31.8 74210562
33 2023/03/18 22:54:02 32.30 4.00 7034.38 1498.88 36824.59 7.66 1.20 5.40 70.29 233.17998886108398 31.8 74223194
34 2023/03/18 22:54:04 55.40 4.00 7036.70 1500.88 36827.79 7.66 1.25 5.35 70.29 233.17998886108398 31.8 74224341
35 2023/03/18 22:54:06 47.70 4.00 7038.55 1502.93 36831.19 7.66 1.26 5.34 70.30 233.17998886108398 31.8 74235445
36 2023/03/18 22:54:08 82.20 4.00 7041.30 1505.57 36832.58 7.66 1.23 5.35 70.30 233.17998886108398 31.8 74241165
37 2023/03/18 22:54:10 92.40 4.00 7046.81 1507.64 36832.76 7.66 1.23 5.32 70.30 233.17998886108398 31.8 74264878
38 2023/03/18 22:54:12 59.10 4.00 7051.90 1508.84 36834.37 7.66 1.22 5.30 70.30 233.17998886108398 31.8 74278649
39 2023/03/18 22:54:14 63.20 4.00 7056.35 1510.31 36836.28 7.66 1.21 5.30 70.30 233.17998886108398 31.8 74282296
40 2023/03/18 22:54:16 94.40 4.00 7061.95 1511.88 36837.04 7.66 1.21 5.29 70.30 233.17998886108398 31.8 74296017
41 2023/03/18 22:54:18 79.50 4.00 7067.53 1513.16 36838.11 7.66 1.23 5.27 70.30 233.17998886108398 31.8 74298669
42 2023/03/18 22:54:20 34.40 4.00 7071.14 1514.20 36841.33 7.66 1.23 5.29 70.30 233.17998886108398 31.8 74301349
43 2023/03/18 22:54:22 74.00 4.00 7076.40 1515.59 36842.44 7.66 1.24 5.27 70.29 233.17998886108398 31.8 74317197
44 2023/03/18 22:54:24 89.80 4.00 7081.80 1517.24 36843.22 7.66 1.22 5.29 70.29 233.17998886108398 31.8 74325059
45 2023/03/18 22:54:26 87.70 4.00 7087.68 1518.66 36843.81 7.66 1.21 5.31 70.29 233.17998886108398 31.8 74342416
46 2023/03/18 22:54:28 86.20 4.00 7093.29 1520.05 36844.62 7.66 1.20 5.34 70.29 233.17998886108398 31.8 74352012
47 2023/03/18 22:54:30 82.60 4.00 7098.80 1521.44 36845.55 7.66 1.18 5.38 70.29 233.17998886108398 31.8 74362226
48 2023/03/18 22:54:32 89.30 4.00 7104.53 1522.84 36846.35 7.66 1.14 5.42 70.29 233.17998886108398 31.8 74381354
49 2023/03/18 22:54:34 88.80 4.00 7110.13 1524.24 36847.19 7.66 1.13 5.43 70.29 233.17998886108398 31.8 74389099
50 2023/03/18 22:54:36 89.10 4.00 7116.01 1525.55 36847.94 7.66 1.11 5.45 70.29 233.17998886108398 31.8 74404339
51 2023/03/18 22:54:38 88.70 4.00 7121.80 1526.91 36848.73 7.66 1.12 5.45 70.29 233.17998886108398 31.8 74409216
52 2023/03/18 22:54:40 91.70 4.00 7127.79 1528.50 36849.17 7.66 1.11 5.46 70.29 233.17998886108398 31.8 74422122
53 2023/03/18 22:54:42 92.20 4.00 7133.96 1529.92 36849.53 7.66 1.07 5.50 70.29 233.17998886108398 31.8 74429412
54 2023/03/18 22:54:44 83.20 4.00 7139.43 1531.46 36850.39 7.66 1.07 5.49 70.30 233.17998886108398 31.8 74435238
55 2023/03/18 22:54:46 48.40 4.00 7142.55 1533.25 36853.29 7.66 1.66 4.96 70.30 233.17998886108398 31.8 74447605
56 2023/03/18 22:54:48 33.60 4.00 7144.78 1533.83 36858.36 7.66 1.66 4.97 70.30 233.17998886108398 31.8 74448131
57 2023/03/18 22:54:50 34.20 4.00 7147.38 1534.42 36863.14 7.66 1.67 4.96 70.30 233.17998886108398 31.8 74449251
58 2023/03/18 22:54:52 45.90 4.00 7149.02 1535.29 36868.14 7.66 1.65 4.98 70.30 233.17998886108398 31.8 74452001
59 2023/03/18 22:54:54 32.40 4.00 7151.28 1536.10 36872.90 7.66 1.67 4.96 70.30 233.17998886108398 31.8 74466318
60 2023/03/18 22:54:56 23.10 4.00 7152.95 1536.51 36878.77 7.66 1.67 4.96 70.30 233.17998886108398 31.8 74475930
61 2023/03/18 22:54:58 35.20 4.00 7154.40 1537.92 36883.66 7.66 1.67 4.96 70.30 233.17998886108398 31.8 74476212
62 2023/03/18 22:55:00 38.20 4.00 7155.51 1539.90 36888.42 7.66 1.67 4.97 70.30 233.17998886108398 31.8 74476924
63 2023/03/18 22:55:02 63.80 4.00 7158.90 1541.12 36891.66 7.66 1.63 5.02 70.30 233.17998886108398 31.8 74487642
64 2023/03/18 22:55:04 61.30 4.00 7163.26 1542.22 36894.10 7.66 1.60 5.04 70.30 233.17998886108398 31.8 74488414
65 2023/03/18 22:55:06 61.90 4.00 7166.59 1543.78 36897.08 7.66 1.55 5.09 70.30 233.17998886108398 31.8 74498227
66 2023/03/18 22:55:08 63.10 4.00 7170.40 1545.15 36899.78 7.66 1.54 5.11 70.30 233.17998886108398 31.8 74499657
67 2023/03/18 22:55:10 54.00 4.00 7174.32 1546.80 36901.79 7.66 1.49 5.15 70.29 233.17998886108398 31.8 74517103
68 2023/03/18 22:55:12 85.00 4.00 7180.27 1547.90 36902.68 7.66 1.44 5.16 70.29 233.17998886108398 31.8 74544336
69 2023/03/18 22:55:14 74.20 4.00 7185.40 1548.73 36904.54 7.66 1.44 5.18 70.29 233.17998886108398 31.8 74555402
70 2023/03/18 22:55:16 71.60 4.00 7189.18 1550.00 36907.06 7.66 1.45 5.17 70.29 233.17998886108398 31.8 74573383
71 2023/03/18 22:55:18 76.70 4.00 7194.77 1550.76 36908.62 7.66 1.42 5.18 70.29 233.17998886108398 31.8 74573763
72 2023/03/18 22:55:20 46.40 4.00 7199.20 1551.38 36911.47 7.66 1.42 5.18 70.29 233.17998886108398 31.8 74575132
73 2023/03/18 22:55:22 44.20 4.00 7203.08 1551.96 36914.49 7.66 1.43 5.19 70.29 233.17998886108398 31.8 74582289
74 2023/03/18 22:55:24 39.00 4.00 7206.18 1552.88 36917.74 7.66 1.41 5.21 70.29 233.17998886108398 31.8 74588758
75 2023/03/18 22:55:26 37.50 4.00 7208.94 1553.66 36921.55 7.66 1.42 5.19 70.29 233.17998886108398 31.8 74609776
76 2023/03/18 22:55:28 41.10 4.00 7211.49 1554.21 36926.20 7.66 1.41 5.19 70.29 233.17998886108398 31.8 74613872
77 2023/03/18 22:55:30 38.70 4.00 7214.08 1554.70 36930.98 7.66 1.43 5.18 70.29 233.17998886108398 31.8 74615061
78 2023/03/18 22:55:32 34.70 4.00 7218.48 1555.42 36933.85 7.66 1.70 4.92 70.29 233.17998886108398 31.8 74619859
79 2023/03/18 22:55:34 31.70 4.00 7221.03 1556.06 36938.45 7.66 1.69 4.93 70.29 233.17998886108398 31.8 74630619
80 2023/03/18 22:55:36 35.30 4.00 7222.86 1556.56 36943.99 7.66 1.74 4.92 70.29 233.17998886108398 31.8 74653189
81 2023/03/18 22:55:38 43.70 4.00 7225.54 1557.32 36948.29 7.66 1.75 4.93 70.29 233.17998886108398 31.8 74693668
82 2023/03/18 22:55:40 64.10 4.00 7229.54 1558.20 36951.16 7.66 1.62 5.03 70.29 233.17998886108398 31.8 74736669
83 2023/03/18 22:55:42 63.90 4.00 7233.50 1558.98 36954.29 7.66 1.56 5.10 70.29 233.17998886108398 31.8 74801139
84 2023/03/18 22:55:44 97.70 4.00 7239.57 1560.34 36954.63 7.66 1.47 5.15 70.29 233.17998886108398 31.8 74912833
85 2023/03/18 22:55:46 96.20 4.00 7245.85 1561.63 36954.89 7.66 1.37 5.23 70.29 233.17998886108398 31.8 74999320
86 2023/03/18 22:55:48 72.90 4.00 7251.67 1562.34 36956.33 7.66 1.37 5.25 70.29 233.17998886108398 31.8 75047519
87 2023/03/18 22:55:50 72.00 4.00 7257.20 1563.42 36957.49 7.66 1.36 5.27 70.30 233.17998886108398 31.8 75122294
88 2023/03/18 22:55:52 79.60 4.00 7262.54 1564.06 36959.38 7.66 1.30 5.32 70.30 233.17998886108398 31.8 75143677
89 2023/03/18 22:55:54 78.40 4.00 7268.21 1564.71 36960.93 7.66 1.34 5.28 70.30 233.17998886108398 31.8 75215734
90 2023/03/18 22:55:56 72.50 4.00 7273.69 1565.28 36962.80 7.66 1.30 5.31 70.30 233.17998886108398 31.8 75232554
91 2023/03/18 22:55:58 24.80 4.00 7276.18 1565.58 36967.96 7.66 1.54 5.08 70.30 233.17998886108398 31.8 75232762
92 2023/03/18 22:56:00 10.20 4.00 7277.12 1565.80 36974.64 7.66 1.55 5.07 70.30 233.17998886108398 31.8 75233474
93 2023/03/18 22:56:02 31.10 4.00 7278.59 1566.77 36979.62 7.66 1.85 4.82 70.30 233.17998886108398 31.8 75262473
94 2023/03/18 22:56:04 10.80 4.00 7279.70 1567.17 36986.03 7.66 1.85 4.84 70.30 233.17998886108398 31.8 75262661
95 2023/03/18 22:56:06 22.50 4.00 7281.38 1567.65 36991.78 7.66 1.88 4.83 70.30 233.17998886108398 31.8 75276401
96 2023/03/18 22:56:08 25.90 4.00 7282.85 1568.13 36997.76 7.66 1.88 4.84 70.30 233.17998886108398 31.8 75276739
97 2023/03/18 22:56:10 56.70 4.00 7285.43 1568.67 37002.48 7.66 1.85 4.84 70.30 233.17998886108398 31.8 75334639
98 2023/03/18 22:56:12 48.50 4.00 7288.91 1569.42 37006.05 7.66 1.80 4.86 70.30 233.17998886108398 31.8 75414340
99 2023/03/18 22:56:14 46.20 4.00 7292.58 1570.30 37009.33 7.66 1.76 4.90 70.30 233.17998886108398 31.8 75495973
100 2023/03/18 22:56:16 38.90 4.00 7295.90 1570.83 37013.46 7.66 1.75 4.92 70.30 233.17998886108398 31.8 75513112
101 2023/03/18 22:56:18 54.60 4.00 7299.67 1571.93 37016.29 7.66 1.48 4.99 70.30 233.17998886108398 31.8 75611666
102 2023/03/18 22:56:20 61.30 4.00 7302.48 1574.05 37019.23 7.66 1.40 5.00 70.30 233.17998886108398 31.8 75640968
103 2023/03/18 22:56:22 53.30 4.00 7305.81 1575.32 37022.31 7.66 1.24 5.06 70.30 233.17998886108398 31.8 75670259
104 2023/03/18 22:56:24 29.40 4.00 7307.55 1576.24 37027.41 7.66 1.36 5.05 70.30 233.17998886108398 31.8 75678602
105 2023/03/18 22:56:26 40.60 4.00 7309.92 1576.83 37032.27 7.66 1.31 5.05 70.30 233.17998886108398 31.8 75695155
106 2023/03/18 22:56:28 51.70 4.00 7312.49 1577.67 37036.55 7.66 1.19 5.08 70.30 233.17998886108398 31.8 75701578
107 2023/03/18 22:56:30 62.90 4.00 7315.74 1579.32 37039.42 7.66 1.09 5.05 70.30 233.17998886108398 31.8 75708814
108 2023/03/18 22:56:32 54.50 4.00 7318.94 1581.02 37042.35 7.66 1.21 5.06 70.30 233.17998886108398 31.8 75715907
109 2023/03/18 22:56:34 29.90 4.00 7320.53 1581.92 37047.74 7.66 1.92 4.50 70.30 233.17998886108398 31.8 75722115
110 2023/03/18 22:56:36 15.10 4.00 7321.86 1582.32 37053.76 7.66 2.21 4.50 70.30 233.17998886108398 31.8 75732350
111 2023/03/18 22:56:38 16.40 4.00 7323.50 1582.78 37059.55 7.66 2.17 4.51 70.30 233.17998886108398 31.8 75736627
112 2023/03/18 22:56:40 12.80 4.00 7324.74 1583.12 37065.82 7.66 2.17 4.52 70.30 233.17998886108398 31.8 75742737
113 2023/03/18 22:56:42 27.70 4.00 7326.94 1583.75 37070.87 7.66 2.18 4.53 70.30 233.17998886108398 31.8 75803725
114 2023/03/18 22:56:44 36.80 4.00 7329.29 1584.33 37075.82 7.66 2.19 4.52 70.30 233.17998886108398 31.8 75806995
115 2023/03/18 22:56:46 11.10 4.00 7330.96 1584.82 37081.56 7.66 2.19 4.52 70.30 233.17998886108398 31.8 75816780
116 2023/03/18 22:56:48 15.40 4.00 7332.27 1585.16 37087.78 7.66 2.19 4.52 70.30 233.17998886108398 31.8 75820186
117 2023/03/18 22:56:50 39.50 4.00 7334.29 1585.74 37092.85 7.66 2.20 4.52 70.30 233.17998886108398 31.8 75820280
118 2023/03/18 22:56:52 19.40 4.00 7336.38 1586.21 37098.18 7.66 2.19 4.51 70.30 233.17998886108398 31.8 75820496
119 2023/03/18 22:56:54 29.90 4.00 7337.99 1586.68 37103.99 7.66 2.19 4.52 70.30 233.17998886108398 31.8 75820723
120 2023/03/18 22:56:56 14.40 4.00 7339.40 1586.96 37110.00 7.66 2.19 4.52 70.30 233.17998886108398 31.8 75839596
121 2023/03/18 22:56:58 41.10 4.00 7341.09 1587.48 37115.58 7.66 2.18 4.53 70.30 233.17998886108398 31.8 75840145
122 2023/03/18 22:57:00 25.50 4.00 7343.18 1587.94 37120.76 7.66 2.17 4.54 70.30 233.17998886108398 31.8 75861676
123 2023/03/18 22:57:02 9.90 4.00 7344.43 1588.26 37126.95 7.66 2.17 4.54 70.30 233.17998886108398 31.8 75861892
124 2023/03/18 22:57:04 6.90 4.00 7345.71 1588.67 37133.11 7.66 2.16 4.55 70.30 233.17998886108398 31.8 75870683
125 2023/03/18 22:57:06 5.90 4.00 7346.32 1588.86 37140.18 7.66 2.16 4.55 70.30 233.17998886108398 31.8 75880684
126 2023/03/18 22:57:08 7.70 4.00 7346.94 1589.07 37147.20 7.66 2.16 4.54 70.30 233.17998886108398 31.8 75881022
127 2023/03/18 22:57:10 7.60 4.00 7347.46 1589.30 37154.22 7.66 2.17 4.54 70.30 233.17998886108398 31.8 75881116
128 2023/03/18 22:57:12 7.10 4.00 7348.05 1589.49 37161.35 7.66 2.17 4.54 70.30 233.17998886108398 31.8 75881304
129 2023/03/18 22:57:14 7.80 4.00 7348.72 1589.69 37168.43 7.66 2.19 4.53 70.30 233.17998886108398 31.8 75881990
130 2023/03/18 22:57:16 7.30 4.00 7349.36 1589.87 37175.52 7.66 2.19 4.52 70.30 233.17998886108398 31.8 75891775
131 2023/03/18 22:57:18 7.60 4.00 7350.37 1590.40 37181.82 7.66 2.21 4.51 70.30 233.17998886108398 31.8 75891963
132 2023/03/18 22:57:20 7.10 4.00 7350.97 1590.58 37188.92 7.66 2.20 4.52 70.30 233.17998886108398 31.8 75892395
133 2023/03/18 22:57:22 6.20 4.00 7351.55 1590.71 37196.08 7.66 2.21 4.52 70.30 233.17998886108398 31.8 75892838
134 2023/03/18 22:57:24 5.90 4.00 7352.10 1590.89 37203.20 7.66 2.20 4.52 70.30 233.17998886108398 31.8 75894894
135 2023/03/18 22:57:26 8.70 4.00 7352.83 1591.04 37210.13 7.66 2.20 4.52 70.30 233.17998886108398 31.8 75905616
136 2023/03/18 22:57:28 9.80 4.00 7353.54 1591.36 37217.00 7.66 2.19 4.53 70.30 233.17998886108398 31.8 75906306
137 2023/03/18 22:57:30 7.60 4.00 7354.22 1591.50 37224.08 7.66 2.19 4.53 70.30 233.17998886108398 31.8 75906306
138 2023/03/18 22:57:32 7.60 4.00 7354.85 1591.70 37231.23 7.66 2.19 4.54 70.30 233.17998886108398 31.8 75906749
139 2023/03/18 22:57:34 7.30 4.00 7355.43 1591.92 37238.34 7.66 2.19 4.54 70.30 233.17998886108398 31.8 75907147
140 2023/03/18 22:57:36 7.30 4.00 7356.04 1592.12 37245.46 7.66 2.18 4.54 70.30 233.17998886108398 31.8 75916984
141 2023/03/18 22:57:39 7.10 4.00 7356.68 1592.26 37252.42 7.66 2.19 4.54 70.30 233.17998886108398 31.8 75917345
142 2023/03/18 22:57:41 8.10 4.00 7357.33 1592.38 37259.53 7.66 2.19 4.53 70.30 233.17998886108398 31.8 75919664
143 2023/03/18 22:57:43 7.10 4.00 7357.87 1592.58 37266.64 7.66 2.19 4.53 70.30 233.17998886108398 31.8 75919992
144 2023/03/18 22:57:45 7.30 4.00 7358.54 1592.73 37273.75 7.66 2.19 4.53 70.30 233.17998886108398 31.8 75920442
145 2023/03/18 22:57:47 8.50 4.00 7359.27 1592.91 37280.86 7.66 2.19 4.53 70.30 233.17998886108398 31.8 75930039
146 2023/03/18 22:57:49 7.10 4.00 7360.02 1593.08 37287.88 7.66 2.19 4.53 70.30 233.17998886108398 31.8 75930361
147 2023/03/18 22:57:51 9.00 4.00 7360.90 1593.35 37294.46 7.66 2.17 4.55 70.30 233.17998886108398 31.8 75930891
148 2023/03/18 22:57:53 7.80 4.00 7361.52 1593.57 37301.46 7.66 2.16 4.56 70.30 233.17998886108398 31.8 75931334
149 2023/03/18 22:57:55 9.10 4.00 7362.30 1593.68 37308.49 7.66 2.16 4.56 70.30 233.17998886108398 31.8 75934633
150 2023/03/18 22:57:57 9.20 4.00 7363.11 1593.91 37315.29 7.66 2.17 4.55 70.31 233.17998886108398 31.8 75956236
151 2023/03/18 22:57:59 6.70 4.00 7363.65 1594.10 37322.26 7.66 2.17 4.55 70.31 233.17998886108398 31.8 75956679
152 2023/03/18 22:58:01 6.40 4.00 7364.25 1594.30 37329.26 7.66 2.18 4.55 70.31 233.17998886108398 31.8 75958577
153 2023/03/18 22:58:03 7.80 4.00 7364.80 1594.50 37336.38 7.66 2.18 4.54 70.31 233.17998886108398 31.8 75958981
154 2023/03/18 22:58:05 8.30 4.00 7365.48 1594.65 37343.46 7.66 2.18 4.55 70.31 233.17998886108398 31.8 75967988
155 2023/03/18 22:58:07 6.10 4.00 7366.06 1594.80 37350.61 7.66 2.18 4.54 70.31 233.17998886108398 31.8 75977585
156 2023/03/18 22:58:09 11.70 4.00 7366.78 1595.06 37357.27 7.66 2.18 4.54 70.31 233.17998886108398 31.8 75982661
157 2023/03/18 22:58:11 8.10 4.00 7367.46 1595.25 37364.26 7.66 2.18 4.54 70.31 233.17998886108398 31.8 75982661
158 2023/03/18 22:58:13 7.10 4.00 7368.00 1595.45 37371.34 7.66 2.18 4.54 70.31 233.17998886108398 31.8 75982661
159 2023/03/18 22:58:15 7.20 4.00 7368.58 1595.60 37378.34 7.66 2.18 4.54 70.31 233.17998886108398 31.8 75983442
160 2023/03/18 22:58:17 6.60 4.00 7369.16 1595.74 37385.36 7.66 2.18 4.54 70.31 233.17998886108398 31.8 75993228
161 2023/03/18 22:58:19 6.60 4.00 7369.76 1595.89 37392.39 7.66 2.18 4.55 70.31 233.17998886108398 31.8 75993368
162 2023/03/18 22:58:21 8.60 4.00 7370.45 1596.10 37399.42 7.66 2.19 4.53 70.31 233.17998886108398 31.8 75994305
163 2023/03/18 22:58:23 10.10 4.00 7371.13 1596.35 37406.42 7.66 2.19 4.53 70.31 233.17998886108398 31.8 75996756
164 2023/03/18 22:58:25 6.90 4.00 7371.72 1596.50 37413.50 7.66 2.20 4.53 70.31 233.17998886108398 31.8 75997453
165 2023/03/18 22:58:27 7.10 4.00 7372.41 1596.68 37420.59 7.66 2.20 4.52 70.31 233.17998886108398 31.8 76007653
166 2023/03/18 22:58:29 7.30 4.00 7373.06 1596.89 37427.61 7.66 2.20 4.52 70.31 233.17998886108398 31.8 76008444
167 2023/03/18 22:58:31 5.20 4.00 7373.58 1597.03 37434.76 7.66 2.20 4.52 70.31 233.17998886108398 31.8 76008444
168 2023/03/18 22:58:33 6.20 4.00 7374.15 1597.15 37441.89 7.66 2.20 4.52 70.31 233.17998886108398 31.8 76009099
169 2023/03/18 22:58:35 7.10 4.00 7374.75 1597.28 37448.96 7.66 2.20 4.53 70.31 233.17998886108398 31.8 76011169
170 2023/03/18 22:58:37 6.60 4.00 7375.40 1597.48 37456.07 7.66 2.20 4.53 70.31 233.17998886108398 31.8 76020766
171 2023/03/18 22:58:39 7.30 4.00 7376.02 1597.68 37463.21 7.66 2.20 4.53 70.31 233.17998886108398 31.8 76021607
172 2023/03/18 22:58:41 7.80 4.00 7376.62 1597.94 37470.29 7.66 2.20 4.53 70.31 233.17998886108398 31.8 76022087
173 2023/03/18 22:58:43 7.60 4.00 7377.20 1598.14 37477.41 7.66 2.20 4.53 70.31 233.17998886108398 31.8 76022439
174 2023/03/18 22:58:45 6.60 4.00 7377.80 1598.28 37484.40 7.66 2.21 4.53 70.31 233.17998886108398 31.8 76022655
175 2023/03/18 22:58:47 6.80 4.00 7378.47 1598.44 37491.48 7.66 2.21 4.52 70.31 233.17998886108398 31.8 76032785
176 2023/03/18 22:58:49 6.10 4.00 7379.06 1598.60 37498.57 7.66 2.21 4.52 70.31 233.17998886108398 31.8 76036188
177 2023/03/18 22:58:51 7.60 4.00 7379.58 1598.75 37505.70 7.66 2.21 4.52 70.31 233.17998886108398 31.8 76036188
178 2023/03/18 22:58:53 8.50 4.00 7380.16 1598.94 37512.85 7.66 2.21 4.52 70.31 233.17998886108398 31.8 76036768
179 2023/03/18 22:58:55 6.90 4.00 7380.74 1599.10 37519.99 7.66 2.21 4.52 70.31 233.17998886108398 31.8 76036956
180 2023/03/18 22:58:57 12.40 4.00 7381.79 1599.40 37526.44 7.66 2.20 4.53 70.31 233.17998886108398 31.8 76056409
181 2023/03/18 22:58:59 10.10 4.00 7382.49 1599.62 37533.27 7.66 2.19 4.54 70.31 233.17998886108398 31.8 76057060
182 2023/03/18 22:59:01 14.90 4.00 7383.43 1599.81 37539.93 7.66 2.19 4.54 70.31 233.17998886108398 31.8 76057779
183 2023/03/18 22:59:03 9.60 4.00 7384.07 1600.04 37546.79 7.66 2.19 4.54 70.31 233.17998886108398 31.8 76058328
184 2023/03/18 22:59:05 7.90 4.00 7384.75 1600.22 37553.76 7.66 2.19 4.54 70.31 233.17998886108398 31.8 76058638
185 2023/03/18 22:59:07 13.60 4.00 7385.88 1600.54 37560.14 7.66 2.19 4.54 70.31 233.17998886108398 31.8 76077289
186 2023/03/18 22:59:09 17.80 4.00 7387.00 1600.79 37566.57 7.66 2.20 4.53 70.31 233.17998886108398 31.8 76077627
187 2023/03/18 22:59:11 13.50 4.00 7387.92 1601.00 37573.28 7.66 2.20 4.53 70.31 233.17998886108398 31.8 76078172
188 2023/03/18 22:59:13 8.40 4.00 7388.67 1601.22 37580.08 7.66 2.21 4.53 70.31 233.17998886108398 31.8 76079158
189 2023/03/18 22:59:15 13.80 4.00 7389.56 1601.50 37586.82 7.66 2.20 4.53 70.31 233.17998886108398 31.8 76080223
190 2023/03/18 22:59:17 9.60 4.00 7390.34 1601.74 37593.63 7.66 2.21 4.53 70.31 233.17998886108398 31.8 76089820
191 2023/03/18 22:59:19 12.10 4.00 7391.22 1601.95 37600.36 7.66 2.21 4.53 70.31 233.17998886108398 31.8 76090083
192 2023/03/18 22:59:21 8.80 4.00 7391.86 1602.18 37607.14 7.66 2.20 4.53 70.31 233.17998886108398 31.8 76090375
193 2023/03/18 22:59:23 8.90 4.00 7392.50 1602.42 37614.06 7.66 2.21 4.54 70.31 233.17998886108398 31.8 76092647
194 2023/03/18 22:59:25 10.30 4.00 7393.30 1602.62 37621.03 7.66 2.21 4.54 70.31 233.17998886108398 31.8 76092741
195 2023/03/18 22:59:27 7.30 4.00 7393.99 1602.86 37628.04 7.66 2.22 4.52 70.31 233.17998886108398 31.8 76102447
196 2023/03/18 22:59:29 8.30 4.00 7394.60 1603.09 37635.13 7.66 2.22 4.52 70.31 233.17998886108398 31.8 76102879
197 2023/03/18 22:59:31 6.90 4.00 7395.23 1603.27 37642.23 7.66 2.22 4.52 70.31 233.17998886108398 31.8 76103137
198 2023/03/18 22:59:33 6.90 4.00 7395.84 1603.49 37649.32 7.66 2.22 4.52 70.31 233.17998886108398 31.8 76104711
199 2023/03/18 22:59:35 5.40 4.00 7396.40 1603.62 37656.51 7.66 2.23 4.52 70.31 233.17998886108398 31.8 76104927
200 2023/03/18 22:59:37 7.10 4.00 7397.00 1603.76 37663.64 7.66 2.23 4.52 70.31 233.17998886108398 31.8 76114524
