Testes Data Hora CpuPercent QntCpus CpuTimesUser CpuTimesSystem CpuTimesIdle MemTotal MemAvaliable MemUsed DiskUsed DiskTotal DiskPercent BytesSend BytesRecv
1 2023/03/29 02:29:30 6.73 4 0.02 2.30 89.45 3801 809 1689 72689648 31837 479592104 98304 0 0
2 2023/03/29 02:29:33 6.73 4 0.02 2.30 89.45 3801 801 1683 72689652 31837 479592104 98304 0 0
3 2023/03/29 02:29:36 6.73 4 0.02 2.30 89.45 3801 796 1694 72689652 31837 479592104 98304 0 0
4 2023/03/29 02:29:39 6.73 4 0.02 2.30 89.46 3801 792 1702 72689652 31837 479592104 98304 0 0
5 2023/03/29 02:29:42 6.73 4 0.02 2.30 89.46 3801 792 1702 72689652 31837 479592104 98304 0 0
6 2023/03/29 02:29:45 6.73 4 0.02 2.30 89.46 3801 789 1698 72689652 31837 479592104 98304 0 0
7 2023/03/29 02:29:48 6.73 4 0.02 2.30 89.45 3801 773 1701 72689660 31837 479592104 98304 0 0
8 2023/03/29 02:29:52 6.74 4 0.02 2.30 89.44 3801 753 1694 72689664 31837 479592104 98304 0 0
9 2023/03/29 02:29:55 6.76 4 0.02 2.30 89.42 3801 741 1705 72689664 31837 479592104 98304 0 0
10 2023/03/29 02:29:59 6.77 4 0.02 2.30 89.40 3801 738 1709 72689664 31837 479592104 98304 0 0
11 2023/03/29 02:30:02 6.79 4 0.02 2.30 89.39 3801 740 1706 72689664 31837 479592104 98304 0 0
12 2023/03/29 02:30:06 6.81 4 0.02 2.30 89.37 3801 750 1696 72689664 31837 479592104 98304 0 0
13 2023/03/29 02:30:09 6.83 4 0.02 2.30 89.35 3801 747 1700 72689664 31837 479592104 98304 0 0
14 2023/03/29 02:30:13 6.85 4 0.02 2.30 89.33 3801 744 1702 72689664 31837 479592104 98304 0 0
15 2023/03/29 02:30:16 6.87 4 0.02 2.30 89.32 3801 743 1703 72689664 31837 479592104 98304 0 0
16 2023/03/29 02:30:20 6.88 4 0.02 2.30 89.30 3801 739 1707 72689664 31837 479592104 98304 0 0
17 2023/03/29 02:30:23 6.90 4 0.02 2.30 89.28 3801 739 1708 72689664 31837 479592104 98304 0 0
18 2023/03/29 02:30:27 6.92 4 0.02 2.30 89.26 3801 738 1709 72689664 31837 479592104 98304 0 0
19 2023/03/29 02:30:30 6.94 4 0.02 2.30 89.24 3801 745 1701 72689664 31837 479592104 98304 0 0
20 2023/03/29 02:30:34 6.96 4 0.02 2.30 89.23 3801 743 1703 72689664 31837 479592104 98304 0 0
21 2023/03/29 02:30:37 6.98 4 0.02 2.30 89.21 3801 749 1697 72689664 31837 479592104 98304 0 0
22 2023/03/29 02:30:41 6.99 4 0.02 2.30 89.19 3801 748 1698 72689664 31837 479592104 98304 0 0
23 2023/03/29 02:30:44 7.01 4 0.02 2.30 89.17 3801 748 1699 72689664 31837 479592104 98304 0 0
24 2023/03/29 02:30:48 7.03 4 0.02 2.30 89.16 3801 746 1700 72689664 31837 479592104 98304 0 0
25 2023/03/29 02:30:52 7.05 4 0.02 2.30 89.14 3801 742 1704 72689668 31837 479592104 98304 0 0
26 2023/03/29 02:30:55 7.07 4 0.02 2.30 89.12 3801 741 1705 72689668 31837 479592104 98304 0 0
27 2023/03/29 02:30:59 7.08 4 0.02 2.30 89.10 3801 741 1705 72689668 31837 479592104 98304 0 0
28 2023/03/29 02:31:02 7.10 4 0.02 2.30 89.09 3801 736 1710 72689668 31837 479592104 98304 0 0
29 2023/03/29 02:31:06 7.12 4 0.02 2.30 89.07 3801 744 1702 72689668 31837 479592104 98304 0 0
30 2023/03/29 02:31:09 7.14 4 0.02 2.29 89.05 3801 738 1708 72689668 31837 479592104 98304 0 0
31 2023/03/29 02:31:13 7.16 4 0.02 2.29 89.03 3801 736 1706 72689668 31837 479592104 98304 0 0
32 2023/03/29 02:31:16 7.17 4 0.02 2.29 89.03 3801 734 1714 72689668 31837 479592104 98304 0 0
33 2023/03/29 02:31:19 7.16 4 0.02 2.29 89.03 3801 742 1706 72689668 31837 479592104 98304 0 0
34 2023/03/29 02:31:22 7.16 4 0.02 2.29 89.03 3801 739 1709 72689668 31837 479592104 98304 0 0
35 2023/03/29 02:31:25 7.16 4 0.02 2.29 89.03 3801 747 1701 72689668 31837 479592104 98304 0 0
36 2023/03/29 02:31:28 7.16 4 0.02 2.29 89.03 3801 755 1694 72689668 31837 479592104 98304 0 0
37 2023/03/29 02:31:32 7.16 4 0.02 2.29 89.03 3801 753 1696 72689668 31837 479592104 98304 0 0
38 2023/03/29 02:31:35 7.16 4 0.02 2.29 89.03 3801 751 1697 72689668 31837 479592104 98304 0 0
39 2023/03/29 02:31:38 7.16 4 0.02 2.29 89.03 3801 746 1703 72689668 31837 479592104 98304 0 0
40 2023/03/29 02:31:41 7.16 4 0.02 2.29 89.04 3801 751 1697 72689668 31837 479592104 98304 0 0
41 2023/03/29 02:31:44 7.16 4 0.02 2.29 89.04 3801 758 1690 72689668 31837 479592104 98304 0 0
42 2023/03/29 02:31:47 7.16 4 0.02 2.29 89.04 3801 754 1694 72689668 31837 479592104 98304 0 0
43 2023/03/29 02:31:50 7.15 4 0.02 2.29 89.04 3801 752 1697 72689672 31837 479592104 98304 0 0
44 2023/03/29 02:31:53 7.15 4 0.02 2.29 89.04 3801 749 1700 72689672 31837 479592104 98304 0 0
45 2023/03/29 02:31:56 7.15 4 0.02 2.29 89.04 3801 747 1701 72689672 31837 479592104 98304 0 0
46 2023/03/29 02:31:59 7.15 4 0.02 2.29 89.04 3801 744 1704 72689672 31837 479592104 98304 0 0
47 2023/03/29 02:32:03 7.15 4 0.02 2.29 89.04 3801 741 1707 72689672 31837 479592104 98304 0 0
48 2023/03/29 02:32:06 7.15 4 0.02 2.29 89.04 3801 759 1690 72689676 31837 479592104 98304 0 0
49 2023/03/29 02:32:09 7.15 4 0.02 2.29 89.05 3801 754 1694 72689676 31837 479592104 98304 0 0
50 2023/03/29 02:32:12 7.15 4 0.02 2.29 89.05 3801 750 1699 72689676 31837 479592104 98304 0 0
51 2023/03/29 02:32:15 7.15 4 0.02 2.29 89.05 3801 748 1700 72689676 31837 479592104 98304 0 0
52 2023/03/29 02:32:18 7.16 4 0.02 2.29 89.04 3801 743 1701 72689684 31837 479592104 98304 0 0
53 2023/03/29 02:32:22 7.18 4 0.02 2.29 89.02 3801 739 1707 72689684 31837 479592104 98304 0 0
54 2023/03/29 02:32:25 7.19 4 0.02 2.29 89.00 3801 738 1708 72689684 31837 479592104 98304 0 0
55 2023/03/29 02:32:29 7.21 4 0.02 2.29 88.99 3801 749 1698 72689684 31837 479592104 98304 0 0
56 2023/03/29 02:32:32 7.23 4 0.02 2.29 88.97 3801 745 1701 72689684 31837 479592104 98304 0 0
57 2023/03/29 02:32:36 7.25 4 0.02 2.29 88.95 3801 744 1702 72689684 31837 479592104 98304 0 0
58 2023/03/29 02:32:39 7.27 4 0.02 2.29 88.93 3801 743 1703 72689684 31837 479592104 98304 0 0
59 2023/03/29 02:32:43 7.28 4 0.02 2.29 88.92 3801 743 1703 72689684 31837 479592104 98304 0 0
60 2023/03/29 02:32:46 7.30 4 0.02 2.29 88.90 3801 741 1705 72689684 31837 479592104 98304 0 0
61 2023/03/29 02:32:50 7.32 4 0.02 2.29 88.88 3801 740 1706 72689684 31837 479592104 98304 0 0
62 2023/03/29 02:32:53 7.34 4 0.02 2.29 88.86 3801 736 1710 72689684 31837 479592104 98304 0 0
63 2023/03/29 02:32:57 7.36 4 0.02 2.29 88.85 3801 743 1703 72689684 31837 479592104 98304 0 0
64 2023/03/29 02:33:00 7.37 4 0.02 2.29 88.83 3801 742 1704 72689688 31837 479592104 98304 0 0
65 2023/03/29 02:33:04 7.39 4 0.02 2.29 88.81 3801 740 1707 72689688 31837 479592104 98304 0 0
66 2023/03/29 02:33:07 7.41 4 0.02 2.29 88.79 3801 739 1707 72689688 31837 479592104 98304 0 0
67 2023/03/29 02:33:11 7.43 4 0.02 2.29 88.78 3801 738 1708 72689688 31837 479592104 98304 0 0
68 2023/03/29 02:33:14 7.45 4 0.02 2.29 88.76 3801 736 1710 72689688 31837 479592104 98304 0 0
69 2023/03/29 02:33:18 7.46 4 0.02 2.29 88.74 3801 735 1710 72689688 31837 479592104 98304 0 0
70 2023/03/29 02:33:21 7.48 4 0.02 2.29 88.72 3801 734 1712 72689688 31837 479592104 98304 0 0
71 2023/03/29 02:33:25 7.50 4 0.02 2.29 88.71 3801 726 1720 72689688 31837 479592104 98304 0 0
72 2023/03/29 02:33:28 7.52 4 0.02 2.29 88.69 3801 724 1722 72689692 31837 479592104 98304 0 0
73 2023/03/29 02:33:32 7.52 4 0.02 2.29 88.69 3801 753 1696 72689692 31837 479592104 98304 0 0
74 2023/03/29 02:33:35 7.52 4 0.02 2.29 88.69 3801 749 1699 72689692 31837 479592104 98304 0 0
75 2023/03/29 02:33:38 7.52 4 0.02 2.29 88.69 3801 748 1700 72689692 31837 479592104 98304 0 0
76 2023/03/29 02:33:41 7.52 4 0.02 2.29 88.69 3801 747 1702 72689692 31837 479592104 98304 0 0
77 2023/03/29 02:33:44 7.52 4 0.02 2.29 88.69 3801 744 1704 72689692 31837 479592104 98304 0 0
78 2023/03/29 02:33:47 7.52 4 0.02 2.29 88.69 3801 744 1705 72689692 31837 479592104 98304 0 0
79 2023/03/29 02:33:50 7.51 4 0.02 2.29 88.69 3801 750 1698 72689692 31837 479592104 98304 0 0
80 2023/03/29 02:33:54 7.51 4 0.02 2.29 88.70 3801 747 1701 72689692 31837 479592104 98304 0 0
81 2023/03/29 02:33:57 7.51 4 0.02 2.29 88.70 3801 744 1704 72689692 31837 479592104 98304 0 0
82 2023/03/29 02:34:00 7.51 4 0.02 2.29 88.70 3801 739 1709 72689692 31837 479592104 98304 0 0
83 2023/03/29 02:34:03 7.51 4 0.02 2.29 88.70 3801 747 1700 72689692 31837 479592104 98304 0 0
84 2023/03/29 02:34:06 7.52 4 0.02 2.29 88.69 3801 736 1710 72689700 31837 479592104 98304 0 0
85 2023/03/29 02:34:09 7.54 4 0.02 2.29 88.67 3801 733 1713 72689700 31837 479592104 98304 0 0
86 2023/03/29 02:34:13 7.56 4 0.02 2.29 88.65 3801 731 1714 72689704 31837 479592104 98304 0 0
87 2023/03/29 02:34:16 7.58 4 0.02 2.29 88.63 3801 742 1704 72689704 31837 479592104 98304 0 0
88 2023/03/29 02:34:20 7.59 4 0.02 2.29 88.62 3801 741 1705 72689716 31837 479592104 98304 0 0
89 2023/03/29 02:34:24 7.61 4 0.02 2.29 88.60 3801 734 1712 72689716 31837 479592104 98304 0 0
90 2023/03/29 02:34:27 7.63 4 0.02 2.29 88.58 3801 730 1716 72689716 31837 479592104 98304 0 0
91 2023/03/29 02:34:31 7.65 4 0.02 2.29 88.56 3801 740 1706 72689716 31837 479592104 98304 0 0
92 2023/03/29 02:34:34 7.67 4 0.02 2.29 88.55 3801 735 1711 72689716 31837 479592104 98304 0 0
93 2023/03/29 02:34:38 7.68 4 0.02 2.29 88.53 3801 745 1701 72689716 31837 479592104 98304 0 0
94 2023/03/29 02:34:41 7.70 4 0.02 2.29 88.52 3801 751 1696 72689716 31837 479592104 98304 0 0
95 2023/03/29 02:34:44 7.70 4 0.02 2.29 88.52 3801 747 1701 72689720 31837 479592104 98304 0 0
96 2023/03/29 02:34:47 7.70 4 0.02 2.29 88.52 3801 746 1702 72689720 31837 479592104 98304 0 0
97 2023/03/29 02:34:51 7.69 4 0.02 2.29 88.52 3801 743 1704 72689708 31837 479592104 98304 0 0
98 2023/03/29 02:34:54 7.69 4 0.02 2.29 88.52 3801 747 1701 72689708 31837 479592104 98304 0 0
99 2023/03/29 02:34:57 7.69 4 0.02 2.29 88.52 3801 744 1704 72689708 31837 479592104 98304 0 0
100 2023/03/29 02:35:00 7.69 4 0.02 2.29 88.52 3801 752 1695 72689708 31837 479592104 98304 0 0
